 92 b 06:02 1 3,4,24
475 a 06:40 3 7
711 b 07:06 1 7,9
585 b 07:10 3 -
213 a 07:11 1 1,2,3,4,5,6,7,8,9,10,11,12,13,14,15,16,17,18,19,20,21,22,23,24
142 b 07:12 1 3,24
226 b 07:12 1 3,24
417 b 07:13 2 7,9
198 a 07:27 1 7
798 b 07:32 1 -
242 a 07:35 1 2,5,7,9,10,14,15,16,18,19,21,22,23,24
391 b 07:41 2 -
713 b 07:42 1 -
573 b 07:42 1 -
 40 b 07:50 1 3,7,9
688 b 08:10 1 3,7
505 b 08:11 1 3,7,9,24
279 b 08:11 1 3,7,9,24
 16 b 08:21 1 7,9
 45 b 08:24 1 3,7,23
517 a 08:51 2 3,4,5,6,7,8,9,10,15,16,17,18,20,22,23
578 b 08:52 1 -
374 b 08:52 1 3,7
264 a 08:55 3 2,3,7,22,23
 64 b 08:55 2 -
 32 b 08:55 1 3,7,9
805 a 08:59 1 3,4,9,10,11,14,16,17,18,19,20,22,23,24
176 a 09:04 1 1,3,4,5,6,7,9,11,14,15,16,19,20,21,22,23,24
168 a 09:04 1 1,3,4,5,6,7,9,11,14,15,16,19,20,21,22,23,24
195 b 09:15 1 7,24
327 b 09:15 1 1,2,3,4,5,6,7,10,11,15,19,20,21,23,24
577 b 09:18 2 -
 20 a 09:18 1 3,9,10
121 b 09:21 1 3,23,24
114 b 09:22 1 16,21,22,24
714 b 09:25 1 24
594 b 09:39 1 -
361 a 09:52 2 2,3,5,7,9,12,23,24
371 b 09:53 1 -
188 b 09:59 2 3,7
103 a 10:01 2 1,3,5,6,10,14,15,23,24 
425 a 10:04 1 -
334 a 10:04 3 7,9,13,14,21,24
164 b 10:04 2 -
228 a 10:04 1 3,9
476 b 10:05 1 -
388 b 10:05 1 1,7,24
300 a 10:05 1 1,3,7,11,19,23
128 a 10:06 2 1,2,3,4,5,6,7,8,9,10,11,12,13,14,15,16,17,18,19,20,21,22,23,24
223 b 10:12 2 -
 99 b 10:14 2 3,9,16,21,24
 23 a 10:14 1 1,3,9
358 b 10:14 2 5,14,20,22,23
 91 b 10:14 1 5,14,20,22,23
 77 b 10:14 1 2,3,4,6,12,14,20,23,24
 88 b 10:14 1 9
 22 b 10:19 1 16,24
396 b 10:21 3 9,23,24
482 b 10:27 1 3,7,9,23,24
316 b 10:27 1 3,7
260 b 10:27 1 3,7
377 b 10:28 2 3,7
455 b 10:29 1 3,7
459 b 10:29 1 3,7
766 b 10:30 1 1,3,9
243 b 10:31 2 1,2,3,4,5,6,7,8,9,10,11,12,13,14,15,16,17,18,19,20,21,22,23,24
122 a 10:31 1 3,7,9
120 a 10:31 1 3,7,9
479 b 10:31 1 1,2,3,4,5,6,7,8,9,10,11,12,13,14,15,16,17,18,19,20,21,22,23,24
101 b 10:35 2 5,7,9
 62 b 10:36 1 3
244 b 10:38 1 4,7,9,10,23,24
636 b 10:40 1 3,7,9,10,23,24
 37 b 10:41 3 -
 55 b 10:51 1 -
 38 a 10:52 1 7
659 b 10:53 1 16,23,24
273 a 10:53 2 -
484 b 11:03 1 3,7
828 b 11:03 1 3,7
310 a 11:04 2 3,7
499 a 11:06 1 7,20
232 a 11:12 1 1,5,6,7,8,9,10,11,14,15,16,17,19,21,24
566 a 11:22 2 1,3,5,6,7,8,9,10,11,13,14,15,16,17,18,19,20,21,22,23,24
557 b 11:25 1 7
530 b 11:26 1 7
632 a 11:36 1 2,3,4,5,6,10,11,12,14,15,16,17,18,19,20,21,22,23,24
202 a 11:36 2 2,3,5,6,7,9,14,15,16,17,19,21,22,23,24
757 a 11:40 1 6,10,18,19,24
 36 a 11:43 2 7
156 a 11:48 1 3
135 a 11:52 1 3,5,6,7,9,14,15,16,21,23,24
 59 b 11:53 1 2,3,4,9,12
448 b 12:13 2 1,2,3,4,5,6,7,8,9,10,11,12,13,14,15,16,17,18,19,20,21,22,23,24
623 a 12:15 2 3,5,6,7,9,15
564 a 12:16 2 3,5,6,7,9,15
 21 a 12:16 2 3,5,7,9
 72 b 12:17 1 4,7,9
 14 b 12:18 1 1,2,3,4,5,6,7,8,9,10,11,12,13,14,15,16,17,18,19,20,21,22,23,24
496 b 12:19 1 3,4,9,10,16,24
150 a 12:21 1 1,2,3,4,5,6,7,8,9,10,11,12,13,14,15,16,17,18,19,20,21,22,23,24
781 b 12:42 2 1,2,3,4,5,6,7,8
581 b 12:42 1 1,2,3,4,5,6,7,8
610 a 12:44 3 7,24
726 b 12:46 3 3,9,24
783 a 12:47 1 -
362 b 12:47 1 3,7,9
  2 b 12:50 2 5,6,9,10,14,15,21,24
149 b 12:51 1 3,9
 50 b 12:52 1 -
139 b 12:52 1 3,9
116 b 12:52 1 -
378 b 12:53 1 3,9
317 b 12:53 1 3,7,9,24
598 b 12:53 1 5,15
640 b 12:53 1 3,5,7,9
177 b 12:54 1 5,6,7,14,15,16,21,24
541 a 12:57 2 1,3,5,6,7,11,14,15,16,19,21,22,23,24
 15 b 13:10 2 3,7,9
364 b 13:10 1 3,7,9
 33 b 13:12 1 -
433 b 13:12 1 -
205 a 13:13 3 1,3,5,11,15,19
679 a 13:16 2 2,3,4,5,6,7,8,9,12,13,14,15,16,17,20,21,23,24
 86 a 13:17 1 1,2,3,4,5,6,7,14,15,16,20,21,22,23,24
764 b 13:17 2 16,24
163 a 13:22 2 9,11,16,23,24
131 a 13:31 2 1,3,5,7,9,11,19,23,24
238 a 13:31 2 5,9
237 a 13:32 1 5,16,24
542 b 13:34 2 3,4,5,6,7,8,9,10,15,18,23
217 a 13:35 2 1,2,3,4,5,6,7,8,9,10,11,12,13,14,15,16,17,18,19,20,21,22,23,24
154 a 13:36 1 7,9,10,23,24
259 b 13:37 1 3
483 a 13:38 1 1,3,4,5,6,7,9,10,11,14,15,16,19,20,21,23,24
759 a 13:38 1 1,3,4,5,6,7,9,10,11,14,15,16,19,20,21,23,24
543 b 13:40 2 3,7
516 b 13:40 1 5,24
590 a 13:41 1 2,3,4,7,9,23,24
589 a 13:42 1 1,2,3,4,9,11,14,21,23
390 b 13:42 1 4,10
657 a 13:43 1 3,24
117 a 13:43 1 3,24
550 b 13:44 2 3,7,9
145 a 13:45 2 3,7,8,10,17,18,19,22,23,24
 75 a 13:48 1 1,2,3,4,5,6,7,8,9,10,11,12,13,14,15,16,17,18,19,20,21,22,23,24
400 a 13:49 1 1,3,5,6,7,8,9,10,14,15,16,17,21,22,24
305 a 13:49 1 2,3,4,5,6,12,14,15,16,19,20,21,22,23,24
222 a 13:49 1 1,2,3,4,5,6,7,8,9,10,11,12,13,14,15,16,17,18,19,20,21,22,23,24
488 a 13:52 3 2,3,4,5,6,7,9,10,12,13,14,15,16,20,21,23,24
 82 b 13:54 2 3,7,9
158 a 13:54 1 2,3,4,5,6,7,9,10,12,13,14,15,16,20,21,23,24
 11 a 13:58 1 1,2,3,4,7,9,11,18,23
286 b 13:59 3 1,4,11,16,19,24
510 b 14:00 1 7,9
304 b 14:01 1 7,9
351 a 14:02 2 3,7,23,24
426 b 14:03 2 5,6,7,8,9,14,17,21,22,23,24
353 b 14:04 1 3,4,7,21
506 a 14:05 1 3
392 a 14:06 2 1,11,19
690 b 14:08 2 7,9
630 a 14:10 1 3,7,9,10
 49 b 14:11 2 3,5,7,9,23,24
151 b 14:11 1 3
376 b 14:11 1 1,3,11,14,19,23,24
674 b 14:11 2 3,4,9,24
 52 a 14:19 1 1,3,7,9,15,23,24
452 a 14:19 1 1,8,9,10,14,16,17,18,19,20,21,22,23,24
486 a 14:19 1 2,3,4,7,9,17,23,24
111 b 14:21 3 2,3,4,7,9,17,23,24
265 a 14:21 1 2,3,4,7,9,23
385 a 14:21 1 1,3,4,7,10,11,16,18,19,22,23,24
215 b 14:24 1 3,5,9
629 b 14:24 1 3
110 b 14:25 3 24
338 b 14:25 2 2,3,4,7,9,12,13,20
 96 b 14:27 1 3,7,9,13,22
 51 a 14:27 1 1,3,4,9,15,16,23,24
 78 a 14:29 1 7
294 b 14:31 1 3
  1 b 14:32 1 1,2,3,4,7,8,9,11,12,13,16,18,19,20,21,22,23,24
289 b 14:33 1 -
 13 b 14:33 1 -
710 b 14:34 2 1
115 a 14:35 2 3,7,9,23,24
123 a 14:38 2 1,2,3,4,5,6,7,8,9,10,11,12,13,14,15,16,17,18,19,20,21,22,23,24
272 a 14:39 1 1,2,3,4,5,6,7,8,9,10,11,12,13,14,15,16,17,18,19,20,21,22,23,24
394 a 14:40 2 1,3,4,5,6,7,9,10,11,15,19,23,24
439 a 14:41 2 1,2,3,4,5,6,7,8,9,10,11,12,13,14,15,16,17,18,19,20,21,22,23,24
140 a 14:41 2 1,3,4,5,6,7,8,9,10,11,15,16,17,18,19,21,22,24
112 a 14:43 2 1,2,3,4,5,6,7,8,9,10,11,12,13,14,15,16,17,18,19,20,21,22,23,24
668 a 14:47 1 3,5,7,9,23
303 b 14:50 2 2,3,4,7,9,12,23,24
194 a 14:50 2 3,9
 71 a 14:54 2 3,7,23
146 b 14:55 1 1,2,3,4,10,12,16,23,24
171 b 14:55 1 1,2,3,4,10,12,16,23,24
221 a 15:01 1 3,7,9,23
403 a 15:05 1 3,7,9,23
650 a 15:07 3 1,3,4,5,11,14,19,23,24
301 b 15:08 1 3,5,6,7,13,14,15,21,24
434 b 15:12 1 3,5,6,7,9,15,23
435 b 15:12 1 3,5,6,7,9,15,23
436 b 15:12 1 3,5,6,7,9,15,23
602 b 15:12 1 3,5,6,7,9,15,23
307 b 15:16 2 3,7
207 b 15:16 1 24
375 a 15:19 1 3,4,5,6,7,13,14,15,16,20,21,24
 41 a 15:20 2 3,4,5,6,7,9,14,15,16,20,21,23,24
817 b 15:21 1 9
100 a 15:27 2 3
220 a 15:28 1 2,3,4,7,8,9,12,13,20,24
427 b 15:31 1 1,5,7,8,9,10,11,17,18,19,22,24
567 a 15:32 1 3,7,23
468 a 15:34 3 5,6,7,8,9,10,15,16,17,21,22,24
209 a 15:36 1 1,3,4,5,6,7,9,10,11,15,23,24
621 a 15:37 2 1,2,3,4,5,6,7,23,24
555 b 15:37 1 1,3,7,8,9,10,17,23,24
654 b 15:37 1 1,3,7,8,9,10,17,23,24
669 b 15:41 2 1,3,7,8,9,10,17,23,24
656 a 15:42 1 1,18
580 b 15:42 1 3,7,9
206 b 15:43 1 3,7,9
280 b 15:44 1 3,5,6,7,15,23,24
  8 a 15:49 1 1,3,5,6,7,8,9,10,11,13,14,15,16,17,18,19,20,21,22,23,24
153 a 15:49 1 1,3,5,6,7,8,9,10,11,13,14,15,16,17,18,19,20,21,22,23,24
553 a 15:49 1 1,3,5,6,7,8,9,10,11,13,14,15,16,17,18,19,20,21,22,23,24
601 a 16:00 3 1,2,3,6,10,11,13,14,19,23,24
728 b 16:05 3 7,9,21,22,23,24
752 b 16:08 1 3,5,6,7,8,9,10,13,14,15,16,17,18,21,22,23,24
240 a 16:10 2 1,2,3,4,7,9,11,12,23,24
218 a 16:19 1 1,3,5,6,7,9,10,11,15,19,23,24
344 a 16:19 1 1,3,5,6,7,9,10,11,15,19,23,24
 83 b 16:23 1 1,6,7,9,14,15,21
514 b 16:30 1 3,5,6,7,10,15,16,17,23,24
152 b 16:30 1 3,7,23,24
174 b 16:31 1 1,5,6,11,15,16,24
471 b 16:37 2 1,2,3,4,5,6,7,8,9,10,11,12,13,14,15,16,17,18,19,20,21,22,23,24
 68 b 16:38 1 7,9,10,24
410 b 16:39 2 3,4,7,8,9,10,24
520 b 16:39 3 3,9,23
329 b 16:41 2 3,4,7,9,24
291 b 16:43 2 3,5,6,7,10,11,13,15,18,19,24
208 b 16:43 1 3,16,23,24
275 b 16:44 3 2,3,4,5,6,7,10,11,12,13,14,15,16,18,20,21,22,23
 46 b 16:47 2 1,3,5,6,7,9,15,23,24
231 a 16:50 2 3,4,7,9,23,24
233 a 16:50 1 3,4,7,9,23,24
446 a 16:51 1 3,5,6,7,9,10,14,15,16,21,23
241 b 16:52 2 7,9
 60 a 16:54 2 4,5,8,9,10,16,17,22,23,24
450 b 16:55 2 1,3,7,18,19,21,23,24
262 b 16:56 1 3,4,14,23,24
 58 b 16:56 1 1,3,9,23
716 a 16:57 2 1,3,7,9,11,19,20
720 a 16:58 1 4,7,9,23,24
144 a 16:59 1 3,14,16,21,23,24
 42 b 17:00 2 2,3,4,5,6,7,8,9,10,12,13,14,15,16,17,18,20,21,22,23,24
718 a 17:01 1 4,7,9,23,24
255 a 17:02 4 3,5,6,7,9,15
693 a 17:02 1 -
477 a 17:03 2 -
134 a 17:03 2 23
494 a 17:04 1 1,2,4,6,9,23,24
444 a 17:06 3 3,24
408 a 17:06 3 -
719 a 17:07 3 1,2,3,5,7,8,9,10,11,12,15,16,19,24
498 a 17:08 2 2,3,4,7,9,12,13,14,16,20,21,24
746 a 17:09 2 2,3,4,6,16,21,24
 35 b 17:10 1 3,7,9
258 a 17:11 2 3,4,7,9,23,24
569 a 17:12 1 3,4,5,9,23
767 a 17:12 1 3,7,8,9,18,19,23,24
730 a 17:14 3 3,5,6,7,9,10,15,24
277 b 17:16 1 3,7,23,24
293 b 17:17 1 3,7,23,24
404 b 17:18 1 3,7,23,24
193 b 17:19 1 1,3,5,6,7,8,9,10,11,13,14,15,16,17,18,19,20,21,22,23,24
178 b 17:20 1 3,9
147 b 17:20 1 3,9
604 b 17:21 3 1,3,4,5,6,9,10,14,15,16,23,24
820 a 17:22 2 -
251 b 17:25 2 2,3,4,9,10,12,23,24
453 a 17:25 2 3,5,6,7,9,15,23,24
717 b 17:35 1 1,8,9,10,14,16,17,18,19,20,21,22,23,24
182 a 17:38 1 9
181 a 17:38 2 9
694 a 17:43 2 1,11,16,23,24
389 a 17:44 1 1,2,3,4,5,6,7,8,9,10,11,12,13,14,15,16,17,18,19,20,21,22,23,24
414 a 17:45 5 1,2,3,6,7,8,11,19
616 a 17:47 1 1,2,3,4,5,6,7,8,9,10,11,12,13,14,15,16,17,18,19,20,21,22,23,24
658 a 17:49 1 3,4,5,6,7,8,9,15,23,24
765 b 17:57 2 5,6,7,8,9,10,16,17,18,21,22,24
405 b 17:57 1 3,7,9
197 a 18:02 2 2,3,4,5,6,7,8,9,10,12,13,14,15,16,17,18,21,22,23,24
787 b 18:03 1 2,3,4,5,6,7,9,15,23,24
810 b 18:03 2 2,3,4,5,6,7,9,15,23,24
554 a 18:08 2 1,5,6,9,15,23
753 b 18:13 1 2,3,4,7,10,17,24
819 a 18:14 3 2,3,4,5,6,7,8,9,10,12,14,15,17,20,21,23
342 a 18:14 1 4,7,9,23,24
337 a 18:16 3 1,2,3,5,6,7,9,11,15,18,21,23
715 b 18:18 2 1,3,7,9,11,19,20
789 b 18:18 2 1,2,3,4,5,6,7,8,9,10,11,12,13,14,15,16,17,18,19,20,21,22,23,24
333 a 18:18 2 3,9,10,11,16,17,18,19,22,23,24
216 a 18:20 2 3,5,6,7,8,9,10,14,15,16,17,18,21,22,23,24
335 a 18:23 2 2,3,4,5,6,7,8,9,10,12,13,14,15,17,20,21,23,24
229 b 18:24 2 5,7,9,15,20
267 a 18:25 1 4,7,9,23,24
162 a 18:26 2 1,3,4,7,9,11,14,19,23,24
793 a 18:27 3 3,24
619 a 18:28 2 1,2,3,4,5,6,7,8,9,10,11,12,13,14,15,16,17,18,19,20,21,22,23,24
513 a 18:29 2 1,2,3,4,5,6,7,8,9,10,11,12,14,15,16,17,19,20,21,22,23,24
804 b 18:30 2 3,7,8,9,10,17,23,24
199 a 18:36 1 1,5,6,7,9,10,15,16,20,21,23,24
449 b 18:39 3 1,2,3,4,5,6,7,8,9,10,11,12,13,14,15,16,17,18,19,20,21,22,23,24
699 a 18:48 5 1,3,7,8,9,10,17,24
341 a 18:54 3 1,2,3,4,5,6,7,8,9,10,11,12,13,14,15,16,17,18,19,20,21,22,23,24
320 a 18:55 1 1,3,4,7,8,9,10,11,17,19,23,24
525 a 18:56 2 3,6,7,15,16,24
382 a 18:57 2 1,3,4,10,11,15,19,23
308 a 18:57 1 2,3,4,12,23,24
401 a 18:58 2 2,3,4,12,23,24
756 b 18:59 1 -
250 a 18:59 1 3,7,23
431 a 18:59 1 3,7,23
666 a 18:59 1 3,7,23
418 b 19:01 1 2,3,4,5,6,7,8,9,10,12,14,15,16,17,18,20,21,23,24
445 b 19:03 3 2,3,4,5,6,7,8,9,10,12,14,15,16,17,20,21,22,23,24
422 b 19:06 2 2,3,9,10,23,24
421 b 19:06 1 2,3,9,10,23,24
314 a 19:09 2 1,2,3,4,5,6,7,11,12,14,15,20,21,23
315 a 19:09 1 1,2,3,4,5,6,7,11,12,14,15,20,21,23
536 a 19:10 3 5,6,7,9,15,16,21,24
330 b 19:13 2 1,2,3,5,9,14,15,18
379 a 19:41 1 1,2,3,4,5,6,7,8,9,10,11,12,13,14,15,16,17,18,19,20,21,22,23,24
381 a 19:41 3 1,2,3,4,5,6,7,8,9,10,11,12,13,14,15,16,17,18,19,20,21,22,23,24
350 a 19:46 2 7,9
489 b 19:56 2 1,7,9,24
 48 a 19:57 2 3,9,16,17,21,22,24
 90 a 20:00 2 1,3,5,6,7,9,11,15,19,23,24
823 a 20:01 1 1,2,3,4,5,6,7,8,9,10,11,12,13,14,15,16,17,18,19,20,21,22,23,24
438 a 20:01 1 1,2,3,4,5,6,7,8,9,10,11,12,13,14,15,16,17,18,19,20,21,22,23,24
252 b 20:10 1 3,4,5,6,7,9,14,15,16,21,23,24
622 b 20:10 1 3,4,5,6,7,9,14,15,16,19,21,23,24
 29 b 20:10 2 3,4,5,6,7,10,15,23,24
575 b 20:20 3 1,2,3,4,7,11,18,19,23,24
159 a 20:26 1 3,7,9,23,24
495 a 20:26 2 3,7,9,23,24
487 a 20:38 1 7,8,9,17
384 b 20:38 1 7,8,9,17
533 a 20:40 1 1,3,7,8,10,11,17,18,19,22,24
527 a 20:43 2 1,3,5,7,10,11,23
534 a 20:47 2 1,3,7,8,10,11,17,18,19,22,24
393 a 20:48 6 1,3,7,8,10,11,17,18,19,22,24
827 b 20:59 1 3,5,6,7,9,13,15,16,17,20,21,23,24
239 a 20:59 2 3,7,9
743 b 20:59 4 3,5,6,7,9,13,15,16,20,21,23,24
729 b 21:03 3 1,3,7,9,24
 81 b 21:05 1 2,3,4,5,6,7,8,9,10,12,13,14,15,16,17,19,20,21,22,23,24 
 80 b 21:05 1 2,3,4,5,6,7,8,9,10,12,13,14,15,16,17,19,20,21,22,23,24
175 a 21:09 2 1,2,3,4,5,6,7,8,9,10,11,12,13,14,15,16,17,18,19,20,21,22,23,24 
296 a 21:11 1 3,5,6,7,9,15,23,24
698 a 21:11 2 3,5,6,7,9,15,23,24
684 b 21:26 3 3,4,7
424 b 21:39 1 3,5,6,7,9,13,15,16,20,21,23,24
 30 b 21:42 1 1,3,5,6,7,11,14,15,16,19,21,22,23,24
736 b 21:42 1 1,3,5,6,7,11,14,15,16,19,21,22,23,24
102 a 21:44 3 3,9,16,21,24
200 a 22:04 3 1,3,5,9,16,19,23
 34 a 22:07 2 3,7,9
642 a 22:07 1 3,7,9
563 a 22:07 2 2,3,4,5,6,7,12,13,14,15,16,20,21,23,24
104 a 22:07 3 3,5,6,7,8,9,10,15,16,17,21,22,24
412 b 22:13 3 7,9,23
399 a 22:25 1 1,2,3,5,8,9,10,11,16,17,18,19,22,23,24
648 a 22:25 1 1,2,3,5,8,9,10,11,16,17,18,19,22,23,24
724 a 22:25 1 1,2,3,5,8,9,10,11,16,17,18,19,22,23,24
591 a 22:45 1 3,9,24
548 a 23:12 2 3,9
689 a 23:13 4 3,5,6,7,8,9,10,11,15,16,17,21,22,23
429 b 23:38 3 2,3,5,6,7,9,14,15,23,24
518 b 23:40 3 -
413 a 23:45 4 3,5,6,7,8,9,15,19,23,24
432 a 23:46 1 1,3,7,23,24
818 a 23:46 1 1,3,7,23,24
825 a 00:21 3 1,3,4,5,9,11,15,17,18,19,20,23,24

360 b 00:30 1 1,2