726 13:31 2 -
622 14:38 1 -
495 14:47 3 -
756 15:29 2 -
714 15:29 1 -
627 15:32 1 -
514 15:33 2 -
287 15:38 1 -
48  15:49 2 -
546 15:49 1 -
202 15:50 1 -
29  16:09 1 -
753 16:10 1 -
120 16:10 1 -
750 16:13 1 -
87  16:13 1 -
757 16:15 1 -
545 16:15 1 -
324 16:34 1 -
814 16:35 1 -   
342 16:38 1 -
737 16:42 3 -
123 17:10 2 -
85  17:11 1 -
92  17:11 1 -
186 17:39 2 18,19,21,23,25,26,28,30-33
609 18:04 1 - 
707 18:07 1 -
69  18:07 2 -
678 18:07 1 18-28,30-33
822 18:07 1 18-28,30-33
154 18:07 1 -
355 18:18 1 18,19,21-26,32,33
517 18:34 2 -
444 18:36 1 -
414 18:36 2 18,19,21,22,25,26,29-33
550 18:37 1 18,19,22,24,30-33
426 18:37 2 18,19,21,22,25,26,29-33
89  18:38 1 18,19,21,22,25,26,29-33 
58  18:56 1 -  
16  18:56 1 -
219 18:57 1 -
450 19:03 2 18,19,21,22,25,26
672 19:03 1 -   
765 19:10 1 18-20,25,26,32,33
59  19:32 1 -
425 19:33 1 -
149 19:33 2 22
46  19:39 1 -
819 19:41 1 -
496 19:41 1 -
698 19:42 1 -
363 19:42 1 -
38  19:42 1 -
107 19:46 1 -
606 19:58 2 -
345 19:58 2 32
26  20:12 1 31-33
136 21:02 1 31,33
213 21:02 2 31
146 21:03 1 32,33
675 21:04 1 32,33
251 21:06 2 21,22,25,26,28-33
519 21:09 2 -
641 21:10 2 19
601 21:11 4 18-22,25,26,30-33
373 21:11 1 18,19,22,24,25,30-33
492 21:11 1 18,19,22,24,25,30-33
307 21:13 1 33
291 21:13 1 18,22,29,33
245 21:13 1 33
182 21:23 1 18-20,22,29,31,33
456 21:32 1 32,33
779 21:32 1 -
795 21:32 1 -   
93  21:33 1 18,19,21,22,33
332 21:34 3 18,22,24,27-29,31-33
649 21:34 1 29-33
25  21:34 1 29-33
179 21:35 1 -
568 21:35 1 -
501 21:38 2 -
281 21:38 2 18,22,25,26,30,31
455 21:38 1 31
237 21:39 2 18,19,22,25,26,30-33
391 21:39 2 29,32,33
386 21:40 1 -
316 21:40 2 33
11  21:40 1 33
423 21:41 2 31
618 21:41 1 31
787 22:06 5 18,19,21,22,25,26,30-33
585 22:06 1 18,19,21,22,24-26,30-33
489 22:08 2 18,19,23-33
15  22:16 1 20,22,24
161 22:17 1 -
392 22:25 1 -
112 22:26 1 23,25,28,29,33
109 22:26 3 23,25,28,29,33
110 22:26 1 23,25,28,29,33
767 22:26 1 23,25,28,29,33
742 22:39 1 18-22,24-27,30-33
197 22:39 2 18,19,31-33
36  23:00 1 -
65  23:00 2 -
513 23:03 1 -
764 23:04 1 -
687 23:04 1 22,25,26,28,29,31
542 23:05 2 21,22
420 23:05 1 18,22
338 23:05 2 18,19,22,25,26,32,33
393 23:06 1 18,19,22,25,26,30-33
73  23:06 1 18,19,22,25,26,30-33
469 23:06 2 18,19,21,22,25,26,30-33
334 23:07 3 18,19,23,25,30-33
243 23:08 2 18,19,22,23,25,26,30-33
207 23:08 2 19,21,22,25,26,28-33
208 23:08 2 19,21,22,25,26,28-33
356 23:08 3 18,19,21-23,25,26,28-33
222 23:09 1 25,30-33
152 23:09 2 18,19,21,22,25,26,28,29,32,33
759 23:09 2 23,25,26,29-33
535 23:09 1 18,19,21,23,25,26,29,31,33
427 23:09 1 18,19,21,23,25,26,29,31,33
509 23:10 1 23,25,26,29-33
18  23:15 1 22,25,26
102 23:15 1 -
265 23:16 1 -
504 23:16 2 30-33
274 23:18 1 18,19,22,24,28,30-33
632 23:18 1 18,19,22,23,25,26,30-33
248 23:20 2 28,29,31-33
77  23:20 1 18,19,25,26,30-33
173 23:22 1 18,19,21,22,24-28,30-33
94  23:24 2 -
60  23:26 2 18,19,21,22,25,26,31,33
180 23:26 1 18,19,21,22,25,26,31,33
701 23:28 2 28,30-33
758 23:29 3 18,19,22,26,30-33
276 23:57 1 18,19,21-23,25,26,28-33
314 23:57 1 33
488 23:58 1 18,19,23,25,26,32,33
104 23:57 1 22,32,33
743 23:58 1 22,32,33
544 23:59 1 22,32,33
416 23:59 1 23,25,26,33
96  23:59 1 31-33
165 00:03 2 22,25,26
183 00:03 1 22,25,26
199 00:16 4 22,32,33
236 00:29 1 32,33
122 00:29 1 32,33
83  00:32 2 18-33
75  00:32 1 20-29,32,33
366 00:33 1 18,19,22-29,32,33
381 00:33 4 18,19,21-23,25,26,29-33
817 00:33 1 18,19,22-29,32,33
724 00:33 2 22,32,33
598 00:39 1 -
8   00:39 1 -
196 00:41 2 28,29,32,33
441 00:53 2 18-22,25,26,33
308 00:53 2 31,33
141 00:53 2 22,25,31,33
805 00:54 1 22,23,25,29,31,33
253 00:54 1 18,19,21,22,25,26,31,33
263 00:59 2 22,24,30,31,32,33
729 01:00 1 22
653 01:00 1 22
700 01:05 2 30-33
191 01:04 1 22
612 01:09 2 -
548 01:11 1 32,33
621 01:12 1 32,33
512 01:12 1 -
531 01:15 1 18,19,22,25,26,28,29,31-33
49  01:17 1 18,19,22,25,26,28,29,31-33
387 01:24 4 -
620 01:28 1 18,19,21,22,25,26,28-33
211 01:28 1 18,19,21,22,25,26,28-33
372 01:28 1 18,19,21,22,25,26,28-33
50  01:35 2 30-33
6   01:37 2 18,19,21,22,25,26,28-31,33
521 01:37 2 25,30-33
511 01:55 1 31-33
565 01:58 2 19,22,25,26,28,29,32,33
752 02:01 2 18-33
268 02:01 2 18-22,25,26,32,33
74  02:04 1 31-33
217 02:05 1 31-33
269 02:05 1 18-22,25,26,32,33
447 02:05 2 18,19,21,22,24-26,28,30-33
778 02:06 1 -
76  02:06 1 -
624 02:06 1 22,25,26,31
228 02:05 1 24,28-33
39  02:07 1 20,23,25,26
776 02:07 1 18,22,28-33
570 02:07 1 18,19,22,25,26,30-33
571 02:07 1 18,19,22,25,26,30-33
823 02:08 2 18-29,32,33
272 02:11 1 23,25-28,30-33
195 02:14 2 22,25,26,31-33
694 02:26 1 32,33
14  02:27 3 21,22,25,26,28,29,31,33
351 02:28 1 21,22,25,26,30-33
353 02:28 1 21,22,25,26,30-33
325 02:28 1 21,22,25,26,30-33
249 02:29 1 18,19,22,28,29,33
227 02:37 1 22,25,28,29,31-33
452 02:51 2 18,19,22,25,26,28,30-33
80  02:52 1 22,30-33
192 02:54 1 21-28,30-33
147 03:04 1 18,19,22,25,26,28-30,32,33
298 03:05 2 18,19,21,22,25,26,28-33
375 03:06 2 18,19,21,22,25,26,28,30-33
722 03:06 5 18,20-29,31
210 03:07 4 32,33
433 03:12 2 18,19,21,22,28,29,31-33
460 03:14 1 -
190 03:21 1 30-33
696 04:49 1 -
459 04:57 1 31
644 05:13 1 18,19,22,25
515 05:13 1 25,26,30
484 05:30 1 33
370 05:31 1 33
105 05:31 2 33
138 05:47 2 19,21,22,25,31
40  06:18 3 31-33
155 06:24 1 -
156 06:24 2 -
62  06:24 1 -
471 06:25 1 -
419 06:25 3 18-20,22-26,28,30,31
824 06:26 1 -
231 06:26 1 18,21,22,25
602 06:45 1 18-22,25,26
628 06:46 1 18-22,25,26
35  06:47 1 22,30-33
491 06:47 1 25-27,30-33
693 06:47 1 22,30-33
435 06:48 1 -
436 06:48 1 -
135 07:32 1 20,23,25,26,29,31-33
640 07:32 2 23,25,26,30-33
642 07:33 1 23,25,26,30-33
439 07:59 1 -
223 08:00 1 19-29,32,33
289 08:01 1 19-29,32,33
650 08:01 1 19-29,32,33
242 08:02 1 19-29,32,33
723 08:02 2 18-29,32,33
634 08:17 1 18,19,29,32,33
270 08:28 1 24,30-33
559 08:45 2 18,19,21,22,25,26,29-33
57  08:45 1 18,19,21,22,25,26,29-33
100 08:49 1 22,28,29,31-33
273 08:49 2 22,25,26,28,29,31-33
17  08:49 1 22,25,26,29,31-33
552 10:50 1 -
106 -     1 22-33
586 -     1 19-22,27-29,31,33
768 -     1 31,33
201 -     1 21,22,25,26,28,31,33
184 -     1 21,22,25,26,28,31,33
258 -     1 18,19,22,25,26
45  -     1 -
731 -     1 32,33
148 09:07 1 -
130 09:07 1 22
296 -     4 18,19,21,22,25,26,30-33
412 10:15 1 22,24,28,29,31,33
706 -     1 21,22,25,26,30-33
820 -     1 28-33
352 -     3 18-22,25,26,28,31,33
487 -     2 22,25,26,28,30-33
529 -     2 22,25,26,28,30-33
131 -     1 21,22,25,26,30-33
132 -     1 18,19,21,22,25,26,30,33
322 -     1 22,25,26,32,33
310 -     1 22,25,26,32,33
777 13:00 2 32,33
137 -     2 32,33
244 -     5 26,32,33
282 -     1 22,30-33
761 9:50  5 20,23,25,26,28,29,31-33
95  10:00 1 20,22,25,26,31,33
280 10:00 1 20,22,25,26,31,33
378 10:00 2 20,22,25,26,31,33
